Y = [
1.502  0.0345737
1.44323  0.158327
1.27119  0.361963
1.07029  0.589717
0.926501  0.79712
0.848039  0.957916
0.825399  1.06334
0.841232  1.11724
0.878  1.1306
0.921318  1.11699
0.961275  1.08923
0.992398  1.05751
1.01285  1.02874
1.02331  1.0066
1.0259  0.992219
1.02325  0.984984
1.01783  0.983302
1.01163  0.985268
1.006  0.989106
1.00166  0.993418
0.99882  0.997276
0.997373  1.00019
0.997009  1.00203
0.99736  1.00289
0.998079  1.003
0.998894  1.00263
0.999626  1.00202
1.00018  1.00136
1.00052  1.00078
1.00068  1.00034
1.00069  1.00005
1.0006  0.999904
1.00048  0.999864
1.00034  0.999891
1.00022  0.999952
1.00013  1.00002
1.00007  1.00008
1.00003  1.00012
1.00002  1.00014
1.00002  1.00015
1.00003  1.00014
1.00004  1.00012
1.00004  1.0001
1.00005  1.00008
1.00005  1.00007
1.00005  1.00005
1.00005  1.00004
1.00004  1.00004
1.00004  1.00003
1.00003  1.00003
];
