Y = [
1.3  0.029924
1.29102  0.137998
1.2586  0.320418
1.20387  0.535914
1.13923  0.750317
1.07491  0.938486
1.01845  1.08494
0.974518  1.18317
0.945048  1.2341
0.92977  1.244
0.926799  1.22239
0.933284  1.18003
0.945991  1.12736
0.961793  1.0733
0.97801  1.02463
0.992612  0.985714
1.00429  0.958629
1.01241  0.943505
1.01695  0.93902
1.01829  0.942935
1.01712  0.952597
1.01422  0.965364
1.01039  0.978913
1.00633  0.991434
1.00257  1.00171
0.999487  1.00911
0.997268  1.0135
0.995951  1.01514
0.995457  1.01456
0.995631  1.01241
0.996277  1.00934
0.997197  1.00597
0.998209  1.00277
0.99917  1.00007
0.99998  0.998065
1.00058  0.996814
1.00096  0.996266
1.00112  0.996303
1.00111  0.99677
1.00097  0.997498
1.00075  0.998333
1.0005  0.999148
1.00026  0.999852
1.00004  1.00039
0.999883  1.00074
0.999777  1.00091
0.999726  1.00093
0.99972  1.00084
0.999749  1.00067
0.9998  1.00046
];
